First of each month, Jan 2025 to Feb 2022

2025                                                                   2024
Jan              Oct               Jul               Apr               Jan
29    49    59   72    89    99    84    82    65    55    65    64    54
19.59 35.13 41.8 55.29 72.17 79.08 73.08 67.04 52.92 41.94 50.36 45.58 32.61
9     23    29   39    58    62    65    51    44    35    38    32    18

                                                       2023
Dec            Sep            Jun            Mar       Jan            Oct
34   60   87   98   88   84   73   73   65   31   36   36   54   70   71
24.6 42.3 67.3 77.9 70.0 69.8 61.3 55.1 49.5 27.6 17.1 32.3 29.8 50.7 59.0
18   27   46   59   63   51   53   36   32   18   1    26   12   37   51

                                   2022
Sep            Jun            Mar  Feb
93   94   86   57   67   59   70   29
75.1 78.1 68.8 49.1 50.2 48.8 48.7 24.2
58   60   54   43   37   37   31   14

max_temp = [29    49    59   72    89    99    84    82    65    55    65    64    54    34   60   87   98   88   84   73   73   65   31   36   36   54   70   71   93   94   86   57   67   59   70   29];
avg_temp = [19.59 35.13 41.8 55.29 72.17 79.08 73.08 67.04 52.92 41.94 50.36 45.58 32.61 24.6 42.3 67.3 77.9 70.0 69.8 61.3 55.1 49.5 27.6 17.1 32.3 29.8 50.7 59.0 75.1 78.1 68.8 49.1 50.2 48.8 48.7 24.2];
min_temp = [9     23    29   39    58    62    65    51    44    35    38    32    18    18   27   46   59   63   51   53   36   32   18   1    26   12   37   51   58   60   54   43   37   37   31   14];

